   2.1800000e+08
          70
   2.219430E+08   102770.00   1.636E-03   191.43   5.404E-04   2.810E+03   1.132E+04   0.000E+00   6.560E+09   1.110E+05   1.190E+06
   2.217880E+08    98790.00   1.850E-03   189.33   5.464E-04   2.839E+03   1.168E+04   0.000E+00   6.810E+09   1.790E+05   1.180E+06
   2.216430E+08    94800.00   2.171E-03   187.21   5.525E-04   2.815E+03   1.204E+04   0.000E+00   7.070E+09   2.460E+05   1.170E+06
   2.215080E+08    90816.00   2.571E-03   185.09   5.589E-04   2.801E+03   1.244E+04   0.000E+00   7.360E+09   3.440E+05   1.160E+06
   2.212920E+08    83891.00   3.474E-03   182.28   5.675E-04   2.801E+03   1.320E+04   0.000E+00   7.910E+09   7.000E+05   1.150E+06
   2.210750E+08    75934.00   4.878E-03   177.94   5.813E-04   2.880E+03   1.421E+04   0.000E+00   8.660E+09   2.050E+06   1.130E+06
   2.209650E+08    71336.00   5.839E-03   175.60   5.891E-04   2.985E+03   1.489E+04   0.000E+00   9.170E+09   4.390E+06   1.120E+06
   2.208530E+08    66145.00   6.999E-03   171.83   6.020E-04   3.171E+03   1.575E+04   0.000E+00   9.820E+09   9.810E+06   1.100E+06
   2.207400E+08    60170.00   8.448E-03   167.82   6.164E-04   3.500E+03   1.689E+04   0.000E+00   1.070E+10   2.310E+07   1.080E+06
   2.206270E+08    53284.00   1.045E-02   163.54   6.326E-04   4.065E+03   1.841E+04   0.000E+00   1.190E+10   5.700E+07   1.060E+06
   2.205700E+08    49385.00   1.198E-02   161.25   6.415E-04   4.532E+03   1.955E+04   0.000E+00   1.280E+10   9.340E+07   1.050E+06
   2.205180E+08    45416.00   1.401E-02   157.63   6.563E-04   5.099E+03   2.079E+04   0.000E+00   1.380E+10   1.470E+08   1.030E+06
   2.204660E+08    41178.00   1.722E-02   153.90   6.722E-04   5.864E+03   2.238E+04   0.000E+00   1.510E+10   2.320E+08   1.010E+06
   2.204130E+08    36594.00   2.241E-02   150.44   6.877E-04   6.856E+03   2.427E+04   0.000E+00   1.670E+10   3.690E+08   9.930E+05
   2.203630E+08    32145.00   3.112E-02   146.17   7.077E-04   8.129E+03   2.674E+04   0.000E+00   1.880E+10   5.700E+08   9.700E+05
   2.203160E+08    27972.00   4.525E-02   141.93   7.289E-04   9.572E+03   2.947E+04   0.000E+00   2.120E+10   8.500E+08   9.470E+05
   2.202700E+08    24056.00   7.008E-02   137.45   7.527E-04   1.122E+04   3.268E+04   0.000E+00   2.410E+10   1.240E+09   9.220E+05
   2.202220E+08    20416.00   1.164E-01   132.73   7.795E-04   1.307E+04   3.655E+04   0.000E+00   2.770E+10   1.780E+09   8.950E+05
   2.201830E+08    17925.00   1.779E-01   129.25   8.004E-04   1.455E+04   3.978E+04   0.000E+00   3.080E+10   2.350E+09   8.750E+05
   2.201560E+08    16500.00   2.339E-01   127.04   8.144E-04   1.564E+04   4.191E+04   0.000E+00   3.290E+10   2.820E+09   8.620E+05
   2.201160E+08    15000.00   3.212E-01   124.52   8.308E-04   1.708E+04   4.427E+04   0.000E+00   3.530E+10   3.600E+09   8.470E+05
   2.200840E+08    14250.00   3.823E-01   123.06   8.407E-04   1.790E+04   4.539E+04   0.000E+00   3.650E+10   4.280E+09   8.380E+05
   2.200100E+08    13500.00   4.592E-01   121.45   8.519E-04   1.861E+04   4.599E+04   0.000E+00   3.730E+10   5.890E+09   8.280E+05
   2.199000E+08    13000.00   5.232E-01   120.06   8.618E-04   1.882E+04   4.562E+04   0.000E+00   3.720E+10   8.240E+09   8.190E+05
   2.190000E+08    12000.00   6.926E-01   116.59   8.874E-04   1.858E+04   4.322E+04   0.000E+00   3.560E+10   1.710E+10   7.960E+05
   2.168000E+08    11150.00   9.583E-01   113.84   9.088E-04   2.050E+04   4.574E+04   0.000E+00   3.810E+10   2.120E+10   7.780E+05
   2.140000E+08    10550.00   1.281E+00   111.17   9.307E-04   2.237E+04   4.834E+04   0.000E+00   4.060E+10   2.630E+10   7.600E+05
   2.110000E+08     9900.00   1.781E+00   107.93   9.586E-04   2.398E+04   5.006E+04   0.000E+00   4.240E+10   3.540E+10   7.380E+05
   2.087000E+08     9450.00   2.269E+00   105.58   9.799E-04   2.484E+04   5.062E+04   0.000E+00   4.310E+10   4.450E+10   7.220E+05
   2.075000E+08     9200.00   2.603E+00   104.26   9.923E-04   2.528E+04   5.082E+04   0.000E+00   4.340E+10   5.030E+10   7.130E+05
   2.062000E+08     8950.00   3.000E+00   102.94   1.005E-03   2.566E+04   5.090E+04   0.000E+00   4.360E+10   5.700E+10   7.040E+05
   2.043000E+08     8700.00   3.548E+00   101.20   1.022E-03   2.599E+04   5.091E+04   0.000E+00   4.370E+10   6.690E+10   6.920E+05
   2.017000E+08     8400.00   4.425E+00    98.90   1.046E-03   2.643E+04   5.104E+04   0.000E+00   4.390E+10   8.180E+10   6.760E+05
   1.980000E+08     8050.00   5.948E+00    95.90   1.079E-03   2.699E+04   5.134E+04   0.000E+00   4.420E+10   1.060E+11   6.550E+05
   1.915000E+08     7650.00   9.458E+00    91.25   1.134E-03   2.816E+04   5.291E+04   0.000E+00   4.540E+10   1.570E+11   6.220E+05
   1.860000E+08     7450.00   1.350E+01    87.77   1.179E-03   2.938E+04   5.518E+04   0.000E+00   4.700E+10   2.120E+11   5.970E+05
   1.775000E+08     7250.00   2.317E+01    82.81   1.249E-03   3.199E+04   6.069E+04   0.000E+00   5.080E+10   3.310E+11   5.610E+05
   1.670000E+08     7050.00   4.651E+01    77.33   1.338E-03   3.640E+04   7.081E+04   0.000E+00   5.740E+10   5.740E+11   5.210E+05
   1.580000E+08     6900.00   8.511E+01    72.84   1.421E-03   4.029E+04   8.145E+04   0.000E+00   6.320E+10   9.280E+11   4.880E+05
   1.475000E+08     6720.00   1.779E+02    67.96   1.523E-03   4.516E+04   9.822E+04   0.000E+00   7.040E+10   1.660E+12   4.520E+05
   1.378000E+08     6560.00   3.642E+02    63.64   1.626E-03   5.072E+04   1.222E+05   0.000E+00   7.860E+10   2.890E+12   4.200E+05
   1.278000E+08     6390.00   7.938E+02    59.08   1.752E-03   5.691E+04   1.613E+05   0.000E+00   8.760E+10   5.300E+12   3.860E+05
   1.180000E+08     6230.00   1.774E+03    54.32   1.906E-03   6.413E+04   2.286E+05   0.000E+00   9.800E+10   9.920E+12   3.500E+05
   1.065000E+08     6040.00   4.665E+03    48.21   2.149E-03   7.270E+04   3.810E+05   0.000E+00   1.100E+11   2.150E+13   3.030E+05
   9.800000E+07     5900.00   9.590E+03    43.28   2.397E-03   7.864E+04   6.012E+05   0.000E+00   1.180E+11   3.920E+13   2.640E+05
   9.050000E+07     5755.00   1.800E+04    39.08   2.659E-03   8.276E+04   9.460E+05   0.000E+00   1.230E+11   6.790E+13   2.300E+05
   8.550000E+07     5650.00   2.702E+04    36.20   2.875E-03   8.408E+04   1.314E+06   0.000E+00   1.240E+11   9.920E+13   2.060E+05
   8.050000E+07     5490.00   3.660E+04    33.34   3.129E-03   7.419E+04   1.859E+06   0.000E+00   1.080E+11   1.480E+14   1.820E+05
   7.550000E+07     5280.00   5.150E+04    30.43   3.442E-03   6.590E+04   2.736E+06   0.000E+00   9.410E+10   2.270E+14   1.570E+05
   7.050000E+07     5030.00   7.476E+04    27.69   3.806E-03   5.953E+04   4.148E+06   0.000E+00   8.280E+10   3.560E+14   1.330E+05
   6.500000E+07     4750.00   1.409E+05    24.89   4.285E-03   6.715E+04   6.828E+06   0.000E+00   9.030E+10   6.030E+14   1.070E+05
   6.000000E+07     4550.00   3.090E+05    22.90   4.745E-03   9.612E+04   1.100E+07   0.000E+00   1.260E+11   9.890E+14   8.650E+04
   5.600000E+07     4430.00   6.064E+05    21.68   5.127E-03   1.371E+05   1.628E+07   0.000E+00   1.770E+11   1.480E+15   7.250E+04
   5.250000E+07     4400.00   1.063E+06    21.01   5.438E-03   1.874E+05   2.282E+07   0.000E+00   2.410E+11   2.080E+15   6.280E+04
   4.900000E+07     4410.00   1.834E+06    20.62   5.749E-03   2.548E+05   3.183E+07   0.000E+00   3.280E+11   2.900E+15   5.550E+04
   4.500000E+07     4460.00   3.329E+06    20.44   6.131E-03   3.597E+05   4.616E+07   0.000E+00   4.660E+11   4.190E+15   5.010E+04
   4.000000E+07     4560.00   6.705E+06    20.53   6.717E-03   5.516E+05   7.264E+07   0.000E+00   7.240E+11   6.540E+15   4.770E+04
   3.500000E+07     4660.00   1.325E+07    20.84   7.537E-03   8.424E+05   1.131E+08   0.000E+00   1.120E+12   1.010E+16   5.010E+04
   3.000000E+07     4770.00   2.491E+07    21.72   8.561E-03   1.268E+06   1.739E+08   0.000E+00   1.710E+12   1.540E+16   6.270E+04
   2.500000E+07     4880.00   4.557E+07    23.50   9.759E-03   1.903E+06   2.653E+08   0.000E+00   2.600E+12   2.330E+16   8.670E+04
   2.000000E+07     4990.00   7.961E+07    26.15   1.118E-02   2.839E+06   3.984E+08   0.000E+00   3.930E+12   3.470E+16   1.170E+05
   1.500000E+07     5150.00   1.233E+08    29.34   1.302E-02   4.286E+06   5.869E+08   0.000E+00   6.040E+12   5.050E+16   1.480E+05
   1.000000E+07     5410.00   1.606E+08    32.49   1.548E-02   6.841E+06   8.420E+08   0.000E+00   9.890E+12   7.100E+16   1.750E+05
   5.000000E+06     5790.00   1.896E+08    35.35   1.861E-02   1.322E+07   1.169E+09   0.000E+00   1.970E+13   9.550E+16   1.970E+05
   0.000000E+00     6520.00   2.127E+08    36.52   2.319E-02   4.963E+07   1.567E+09   0.000E+00   7.680E+13   1.180E+17   2.000E+05
  -2.000000E+06     6980.00   2.247E+08    37.03   2.572E-02   1.100E+08   1.789E+09   0.000E+00   1.730E+14   1.240E+17   2.000E+05
  -4.000000E+06     7590.00   2.320E+08    37.71   3.047E-02   2.785E+08   2.204E+09   0.000E+00   4.480E+14   1.280E+17   2.000E+05
  -6.000000E+06     8220.00   2.383E+08    38.39   3.942E-02   6.368E+08   2.971E+09   0.000E+00   1.050E+15   1.300E+17   2.000E+05
  -8.000000E+06     8860.00   2.409E+08    39.07   5.569E-02   1.306E+09   4.368E+09   0.000E+00   2.210E+15   1.300E+17   2.000E+05
  -1.000000E+07     9400.00   2.478E+08    39.64   7.887E-02   2.235E+09   6.371E+09   0.000E+00   3.870E+15   1.310E+17   2.000E+05
