       0
      4226.73
     188
     3771.128554
     3792.862897
     3793.998961
     3794.609317
     3835.541775
     3838.171090
     3893.746583
     3915.890796
     3949.352044
     3962.671086
     3980.158721
     3993.610454
     4016.364490
     4030.902798
     4031.481542
     4032.362025
     4044.306164
     4052.946525
     4053.678951
     4063.162212
     4071.330068
     4138.982288
     4176.972291
     4221.435216
     4221.952995
     4222.419005
     4222.838442
     4223.215980
     4223.555826
     4223.861764
     4224.137196
     4224.385186
     4224.608488
     4224.809579
     4224.990691
     4225.153827
     4225.300794
     4225.433213
     4225.552545
     4225.660104
     4225.757071
     4225.844511
     4225.923378
     4225.994534
     4226.058753
     4226.116731
     4226.169094
     4226.216407
     4226.259176
     4226.297857
     4226.332861
     4226.364556
     4226.393275
     4226.419317
     4226.442951
     4226.464417
     4226.483934
     4226.501697
     4226.517883
     4226.532649
     4226.546139
     4226.558480
     4226.569788
     4226.580166
     4226.589708
     4226.598497
     4226.606610
     4226.614113
     4226.621069
     4226.627533
     4226.633552
     4226.639174
     4226.644436
     4226.649375
     4226.654024
     4226.658412
     4226.662565
     4226.666507
     4226.670258
     4226.673839
     4226.677265
     4226.680553
     4226.683716
     4226.686767
     4226.689718
     4226.692577
     4226.695356
     4226.698060
     4226.700699
     4226.703278
     4226.705804
     4226.708282
     4226.710716
     4226.713112
     4226.715473
     4226.717802
     4226.720103
     4226.722378
     4226.724653
     4226.726928
     4226.729204
     4226.731479
     4226.733754
     4226.736055
     4226.738384
     4226.740745
     4226.743141
     4226.745575
     4226.748053
     4226.750579
     4226.753158
     4226.755797
     4226.758501
     4226.761280
     4226.764139
     4226.767090
     4226.770141
     4226.773304
     4226.776592
     4226.780018
     4226.783599
     4226.787350
     4226.791292
     4226.795445
     4226.799833
     4226.804482
     4226.809421
     4226.814683
     4226.820305
     4226.826324
     4226.832788
     4226.839744
     4226.847247
     4226.855360
     4226.864149
     4226.873691
     4226.884069
     4226.895377
     4226.907718
     4226.921208
     4226.935974
     4226.952160
     4226.969923
     4226.989440
     4227.010906
     4227.034540
     4227.060582
     4227.089301
     4227.120996
     4227.156000
     4227.194681
     4227.237450
     4227.284763
     4227.337126
     4227.395104
     4227.459323
     4227.530479
     4227.609346
     4227.696786
     4227.793753
     4227.901312
     4228.020644
     4228.153063
     4228.300030
     4228.463166
     4228.644278
     4228.845369
     4229.068671
     4229.316661
     4229.592093
     4229.898031
     4230.237877
     4230.615415
     4231.034852
     4231.500862
     4232.018641
     4253.542774
     4256.343067
     4261.609987
     4290.772292
     4311.893620
     4312.748115
     4323.322501
     4338.832251
     4339.555679
     4340.656282
     4384.227601
     4404.582217
